best_iter:308
best_f1:0.7189243698008401
best_acc:0.7366071428571429