best_iter:285
best_f1:0.7317254748506868
best_acc:0.8116071428571429
