best_iter:208
best_f1:0.6979794991199567
best_acc:0.7450657894736842