best_iter:285
best_f1:0.6441773746535651
best_acc:0.80696875
