best_iter:909
best_f1:0.7656196861285919
best_acc:0.7838646331707317
