best_iter:455
best_f1:0.7154559532608312
best_acc:0.8874502631578947
